0.26590314018619865	0.05122224980274559
0.6857377611330302	0.4250508029850112
0.9780316002099009	0.08228818352027778
0.33939600474137976	0.7380120482290975
0.7953987776147949	0.11579886218282187
0.1849984523114867	0.5019990616352378
0.5558710844148544	0.7647904051864077
0.7759385129875	0.42363364400772197
0.7081865665782097	0.6521055764104076
0.47926224679088936	0.17483837208740516
0.7259706687021784	0.3704071970360713
0.22702606828121297	0.4331731528239038
0.32119828798069794	0.8194757004386602
0.7833116316098804	0.5413789403354918
0.49268356215199005	0.61649292972967
0.5646831688766499	0.2002295082664164
0.3883841962642227	0.4296204710901017
0.797688111758369	0.023940746422660197
0.25176404127055874	0.3087821168773197
0.8323029921844916	0.19484277643544357
0.07792021036167596	0.5739458219898208
0.7708534675340991	0.012584528961590236
0.18815485911647933	0.5207764902266022
0.9277647637562522	0.012710666950789928
0.06347430061199166	0.9615571689774728
0.5282232955270605	0.055784941770313345
0.5698015215195262	0.0803508680412135
0.4836754913215846	0.6229026545479827
0.5458688735734993	0.6353304253932972
0.2803926664239287	0.03976078803619343
0.4586322738582016	0.5967490168211076
0.022354364111396685	0.5520365799160867
0.3788949909778767	0.06187865855715402
0.7120484909206362	0.29783500700192034
0.017425742112950227	0.07227756778138172
0.6400423041039086	0.6048872711626762
0.3765828026095337	0.7848524124822287
0.009948777418888999	0.9236182779715919
0.30096752871138743	0.1959567973921058
0.23843237498171732	0.15418113080898954
0.029653795374215197	0.8563529175417105
0.907134146037703	0.18026440249584763
0.16509993868259576	0.17399822298943024
0.5532910724078254	0.34651587185649113
0.08401260621026452	0.27076810120441375
0.42877261449665927	0.9031312700550976
0.7162802275856277	0.3979337737403993
0.608274860317457	0.6373616576760645
0.02456549874214431	0.05522514573011783
0.22164656512347602	0.3554682063062302
0.24548212926915725	0.8660531957343972
0.013078090389296415	0.9581959262432729
0.6503347484724418	0.4212392407182113
0.32488910591985953	0.45448380595824245
0.4891287012490567	0.7344032566648991
0.7405693142463983	0.22568044662472708
0.18484808736431513	0.43073600402513523
0.09932190974982136	0.22132223913600002
0.019438024428567013	0.326896353298621
0.9276099868671069	0.3601950444695523
0.3156939584770192	0.47890949559162066
0.2538480714975382	0.44729510486832524
0.962447238599676	0.12515284653179204
0.9735004947423311	0.1309800263458949
0.07953692224834474	0.714750093406781
0.17073086317693176	0.2837066805898043
0.10306184246535033	0.9227162148934992
0.4823921416605145	0.6008752331278666
0.7277774447341766	0.34214908707142455
0.6097881332934882	0.25384208559842913
0.37335142917857833	0.6202190888393424
0.6039620773720233	0.07441585821281571
0.5661249830561664	0.10451497923171549
0.39424975271926077	0.504315394629287
0.6567121719806891	0.28257099243541783
0.05162051044773541	0.6957633095287968
0.37629812124395656	0.7735467475782777
0.3022035511712292	0.6633814443779067
0.12058383382454974	0.6435056633017843
0.08897888434557999	0.7817977569157007
0.5402769309469888	0.004015904712449503
0.47397929281418827	0.718519384144257
0.38955932821420614	0.5911901840481977
0.12243039966125668	0.7416914083981099
0.6170120276320434	0.664086746296326
0.13765713417467706	0.9482437119246614
0.0016814640776173784	0.7385640126819768
0.19736432906098278	0.3892522125440282
0.04449955940381489	0.4299701858124171
0.674073013854412	0.6300791887625998
0.7543681040425209	0.5766148103663172
0.19941692978121006	0.2763279045577369
0.024862008740076047	0.39293630609430674
0.6482503851846525	0.22912965372700866
0.9251159457431719	0.08729278801577345
0.746848487129209	0.08979837908409405
0.6106406076455807	0.1570758604172321
0.982391336368759	0.10917605319192336
0.19519781015915205	0.8510480333108804
0.0037574778096516326	0.6617557619504968
0.6845565623240372	0.6777900469909854
0.3706255519570453	0.24058045412623696
0.6688966066651318	0.018556642432655868
0.1297640775453176	0.721600666135714
0.5636695040657216	0.054726989962324724
0.4829700144716953	0.5787387851280781
0.2676106605584212	0.42355857978048994
0.5919351047714216	0.07466134414306713
0.6113465050645901	0.5468052856628625
0.8111219330984794	0.09750174592269367
0.8233526506820573	0.4647442051431707
0.6136267490001672	0.43652921847831005
0.6116966299482791	0.6093118953617868
0.5713921583904011	0.5544655762668096
0.48058126832228387	0.8300046121446774
0.3163031807825408	0.3463512535229306
0.045687604077141786	0.21997665201195382
0.030432715512864195	0.08064411214704748
8.097112970917308E-5	0.6931738858725645
0.4438596436926484	0.02270370891162854
0.6373268717549956	0.526033218725231
0.4014925206390759	0.4566340047121761
0.5495874330178994	0.6935274319383153
0.5881584952377353	0.1824742650915523
0.12941364840401604	0.8700366551795229
0.8372356090411227	0.025270741923721807
0.23206214861318553	0.37226094589759684
0.5729330056473517	0.03658039745116337
0.6320318343340983	0.1663022261460394
0.5705410786397275	0.3866303992966297
0.5242155882059474	0.6201188953172524
0.03306778414755329	0.49111831340444545
0.7629638718199094	0.3185132522210934
0.8897001525719439	0.41278134306568015
0.5459588762480073	0.36389555040163624
0.7376982109325289	0.5681045495100613
0.11833419910945164	0.4631325047458281
0.020836168612729522	0.15431543300060657
0.7496782613018359	0.525887756702682
0.5170704276954998	0.8260316116795797
0.17555086270412157	0.523494035311129
0.3974533317900659	0.5552816381913731
0.2952278460954679	0.41623048134949847
0.3574701502191232	0.08231352935101521
0.5143176827236862	0.663711480119499
0.7412246653957617	0.3073797962000565
0.788798616276041	0.021665211263999784
0.8932447186241076	0.29015472949186305
0.010033664584353952	0.04419908832661734
0.6338124715994098	0.442386403866193
0.35957780603881495	0.08272093009624282
0.321106630694584	0.5745800990636794
0.6581003188437234	0.6010039541417406
0.43707711272993155	0.6889556665114975
0.5345019196448623	0.3104546826562429
0.013854428761362225	0.7986169318369184
0.5036304050999894	0.5968154752543351
0.22073675471006793	0.6957825430679611
0.722135690776094	0.2662149816778717
0.8466657746468552	0.24343212028834582
0.38388239263253665	0.8456454684349943
0.6675848479810216	0.6656022468632025
0.24278539137101351	0.22387829632942036
0.18565338655418828	0.49028004168709227
0.9125966905815321	0.012487427836903153
0.04979018344490416	0.14982550460855915
0.8489667317637527	0.19598081829617875
0.02090885724413427	0.49733192043977437
0.35756599079413043	0.8935226168309655
0.15490584474635227	0.5832088259138606
0.1767548477717732	0.7030392635574725
0.8645342324231023	0.26807872440526026
0.11140596825915039	0.4985080874413579
0.5814846335361886	0.17645285810612843
0.6801265553607564	0.22378118853393347
0.10946886122391919	0.5176429041656497
0.5698499289437026	0.6671489116030389
0.2827220015898181	0.3112359932232137
0.213021213177929	0.7877937953507129
0.6945356999897678	0.1855715021812504
0.3164793346012268	0.6243716752852214
0.2958759166790933	0.5822069567096598
0.46843822429815063	0.8715631710254195
0.19711984537626037	0.11053537048258522
0.5289751754448934	0.4233814651771912
0.001798967817043029	0.46842090310924445
0.5822524082424322	0.5129411655585074
0.7496946591974981	0.44431341647897094
0.18205573730028068	0.9501269217765005
0.3451614460087957	0.2785919392940065
0.36220399369487544	5.395888606494204E-4
0.1634034515655446	0.9492379615710951
0.7343468184679984	0.10441897623222729
0.40528933439378967	0.10956822826722501
0.00464234306813105	0.8152534171401566
0.12408560602870222	0.770003211036938
0.824486627526503	0.43106711518944074
0.5434697871015386	0.2404834893556096
0.2675599673696242	0.7605769258728341
0.802962164227434	0.1437451115968401
0.14598952605054616	0.13374633866116492
0.021797987681419717	0.07236023918932011
0.23339484525231013	0.3813952060278698
0.2761603089854543	0.6861086516307447
0.30995207984752515	0.6837329117470649
0.6846699237607786	0.4157081084723493
0.4703529013745784	0.8465518951151643
0.3682297793060343	0.37371908919491825
0.34442193928680076	0.6751502046477343
0.42262124572648074	0.1938393289308049
0.8527240135562197	0.014246688248989225
0.7637178543693328	0.24108186323831982
0.3534727958417966	0.6970883189792925
0.435990872734476	0.21628773506152033
0.6067507743552567	0.6291371267220457
0.5758045529648672	0.7757882113171346
0.11112480851160722	0.30580585471010235
0.11437090598471633	0.34312604176899775
0.2788739519395085	0.23265662209420546
0.7334301911781913	0.041671932115862065
0.736263628339146	0.5786535716820372
0.7143298940155358	0.1840202517338574
0.3803288201382975	0.8744987855550651
0.2025320401568691	0.5681117106050364
0.7355110944881129	0.11582143261338351
0.4763638393917975	0.41040987103493964
0.4955461851130989	0.5203745888412972
0.21242239755321313	0.6950530562717612
0.8390764824996744	0.17216395175980426
0.31353821711839513	0.5047749648687795
0.03721593065574902	0.3554451639253531
0.14959373204061166	0.17574334702068373
0.12498154395527161	0.3292749542526441
0.5467030300194574	0.40149308662362726
0.34827658392635563	0.8064981571681922
0.1649936634799788	0.9629064942845561
0.16761093104685165	0.08124644752557808
0.26843550485157097	0.8479981687467062
0.10070256862469051	0.9025695220317348
0.8918902242200857	0.12562119062886434
0.291967438761608	0.5947297321305763
0.40117559242036127	0.6877733944517398
0.23321173132146467	0.6398372990318629
0.6706072722986868	0.24856027723656127
0.489334072068903	0.7990602339486521
0.49043388446130953	0.3855347092821102
0.14178456435798703	0.7164958905054515
0.8243649305158479	0.37715393883337445
0.3792567055372952	0.14226618487225273
0.10615936353203936	0.8634225536970606
0.37804033296576156	0.5311263967373371
0.25566317011981154	0.579064944361725
0.7419108120639132	0.2963103393743981
0.39459789317226635	0.220384964969208
0.8901810463796156	0.14162864139432307
0.9262958388582768	0.05018911307026486
0.933588846290176	0.32233812361864334
0.5104764166807472	0.5013926915060929
0.4037217025572002	0.8549784134686171
0.009240354625134062	0.05207169486521879
0.2938263834128543	0.7580682520203914
0.056832249987284866	0.4833709368641993
0.43607095871761503	0.3035175147909658
0.668035711131429	0.31948579243287745
0.8547466562320793	7.923155217601785E-4
0.7589742080410594	0.6191424029156252
0.00800248873766285	0.768221032870383
0.4768553546896922	0.31415174051913564
0.3388720460801299	0.5810211844147284
0.042531844084401804	0.5969884212760425
0.8025699089412247	0.010083247650921612
0.057934204092584096	0.9015220208097651
0.5205505913179598	0.2739898866209719
0.02399678617871792	0.2660275291050671
0.15865898046379623	0.8107866438578579
0.3691110263352405	0.0875349773223385
0.44728883092812843	0.23543428234437414
0.20203551748364412	0.06460662324036759
0.6204027645364131	0.7657886892251494
0.4854651919388855	0.1965233653451034
0.18422327638044378	0.22154511047227732
0.1604412140786381	0.7736024867934057
0.05212415135607407	0.9473742312200021
0.2410418724808463	0.16544079038855541
0.14963465498355288	0.58667163550782
0.5671017734803785	0.36378822521884857
0.022062106204309595	0.44859047549791575
0.21743831350266374	0.4203046433681855
0.3694737776969308	0.3911419810172797
0.6991097969471772	0.296194576177115
0.10415964118692478	0.8362199595880625
0.09018016078271252	0.8496458753817188
0.8942811158359014	0.19578836261230448
0.9036753315279799	0.05831386292110263
0.8830021849650157	0.1976617710574552
0.09553607376524254	0.9171479285776408
0.3084359753142044	0.41123487247753143
0.623111890994542	0.18734621950158103
0.9522547613089418	0.28897369376063375
0.07317151394882515	0.015480112945567726
0.16638924607620031	0.1408169664492145
0.7018079287369479	0.6738131114991616
0.5161352360752088	0.6632732389623915
0.18926586892062813	0.7731890825302631
0.44769216538083034	0.16601016872158814
0.3345616812203117	0.3721449064539112
0.8935900299810694	0.03909384496164636
0.4652817112849831	0.03122943476304263
0.34832647643418646	0.8388474403395503
0.16434502480252777	0.6549425141732861
0.5406978448179915	0.058882328676398865
0.8971861131991541	0.040809328646782106
0.4903510904994781	0.49536272197086295
0.88331326067631	0.3982739754840262
0.11996689889302903	0.12378670611532772
0.08491164404954687	0.532368438431252
0.12230695704198924	0.7823132273871678
0.049349537579232994	0.5887483380637684
0.1108887944040855	0.15316473951888288
0.4985054500642666	0.25268094692537724
0.12080101128138054	0.8354279112270171
0.18864332008103912	0.2663709736156692
0.09740319162585032	0.5058513386957011
0.569263744310616	0.007198133846172294
0.23251544902589982	0.34717264958589455
0.30467380448710646	0.752758698019931
0.01790829447952147	0.26875411521108605
0.17725185755554507	0.28880738350043555
0.08599336352440734	0.44342083233488294
0.33814889439601103	0.22121891672298766
0.48058381750901313	0.6786555383330327
0.5843034341218029	0.052674007185176674
0.9032428631061347	0.027528232095119898
0.09132532132375526	0.75559495973019
0.5245047258153487	0.13024998089547146
0.9158128319698697	0.26666141203862037
0.1954350057858797	0.23306138086349715
0.19436837671656693	0.8156091927548873
0.5631744391133858	0.2286290410096814
0.0717162775061071	0.17360920898185306
0.0017772303750571705	0.6978904122817498
0.022320359143151447	0.09134625809541752
0.03516808892635548	0.907858652631686
0.35906623877729427	0.8982410776902781
0.304035570023779	0.0042151786773301225
0.17761346109067955	0.6156641195358723
0.28526071343774617	0.746409612941466
0.014659941515468344	0.7501319046707913
0.11977464299645846	0.8668027530778029
0.5413205904830806	0.2773198543127209
0.3018591448418082	0.49385967709253276
0.31031041406420057	0.3228795722072474
0.07378082962311305	0.6333990877663713
0.076996429446475	0.35128997158021835
0.3533577903982563	0.1657837785203533
0.7806561705501888	0.6059624329568688
0.526939020203591	0.8391557723023123
0.4400507339928994	0.5134837661957627
0.44154818094654935	0.7588477190479609
0.9131845753544091	0.10312554521815787
0.9349856796750441	0.014008761647708479
0.4299007933867983	0.5632612107230497
0.24897072523083652	0.153169587737655
0.27527638647386365	0.5375639546307259
0.23793462187517422	0.5876943835241435
0.18313579621181042	0.11124047666713444
0.35341067655076497	0.5700352898131622
0.9534478685584266	0.12843400363367596
0.6332882566918236	0.6616197872509905
0.0774232995558245	0.1030525711451048
0.24019562967027497	0.6134788550873491
0.276735189854481	0.17346153202262482
0.4657828845560156	0.16714351569781727
0.42527720992993234	0.5450122155687085
0.7089397777448544	0.3048808684412547
0.1510373917152562	0.7808697075471596
0.2958747446141218	0.20845155948952498
0.7581685370111071	0.05700883929578915
0.71984777718403	0.4065544644166206
0.3423909237244377	0.1998231879220006
0.7601833545093748	0.3812874057592712
0.9463118943530906	0.05036264085266384
0.11259456895001219	0.8198381823254911
0.2534771086940374	0.5482182044637429
0.153092916505017	0.15434751536073987
0.339185221717224	0.7743622006420513
0.4028676117320126	0.7604544839494323
0.37653458264512285	0.4457574082458615
0.9317659628784412	0.05359600955436139
0.9908933827587687	0.11998243741538739
0.3544611384017238	0.8596133075324873
0.4340894613647408	0.8060116720545458
0.243866747753135	0.15213775978406063
0.48590346980801646	0.09361819078210709
0.1447867186413644	0.3605002711918116
0.22032331428976215	0.7568018580549344
0.4541137260517838	0.22840962051065683
0.8233654099408568	0.0921109028703525
0.6741882999152946	0.4537961241580659
0.7138029204620614	0.09733706977649315
0.5721382010576607	0.7656488030595188
0.25183546271972224	0.5134276331346321
0.5961586094333403	0.800771956005783
0.29427827629687164	0.522711308190315
0.1758576623017738	0.9136783405459921
0.6744115251357244	0.6822021403301082
0.9431230791425533	0.25387816206564673
0.9452913034480291	0.28853673225199483
0.8908756490951466	0.30151431321582745
0.06518415346581696	0.038200931199075305
0.19513698266815616	0.8211670088155174
0.9581278015077254	7.337201499456603E-4
0.21218795388177325	0.22787270071517107
0.3968090426625628	0.41947509609337374
0.8446073404170418	0.18100483792568456
0.39801642525604053	0.6209796354697491
0.3960861488317632	0.6366432598720049
0.004726017608473354	0.44840748404517017
0.23699037348867036	0.563952217169819
0.23102937692395809	0.39082456907167507
0.49653799642487273	0.36449859400237494
0.08268000051096114	0.7767171312318929
0.7164311359996971	0.23923069898164984
0.4930800483977179	0.6165969335656362
0.331381828978928	0.22745123574130222
0.12383522101873179	0.5186780271363273
0.8851316482099477	0.3363941970178119
0.6245120257539317	0.37992606954988384
0.6141975204936772	0.6614603805136526
0.6614594307415507	0.03486204410678695
0.17581528554293102	0.27123698741315494
0.7178381524611239	0.5343720542302451
0.7721958521575423	0.14306606239465391
0.3326942658618981	0.13406844812758056
0.25583497596301175	0.8662261809617618
0.45549685734053824	0.32714817635505733
0.2399161968023359	0.2796787638911492
0.39825410236731484	0.9023493801562548
0.2083156030605504	0.7404040471496206
0.772131544578502	0.36235308254305343
7.680353452116373E-4	0.371715424106138
0.08620723644119532	0.8799447794383575
0.1752151375671117	0.22408793250937886
0.773978865587002	0.2881140218630379
0.006028809913565247	0.7185954608439062
0.39523943754213575	0.46818400413414685
0.08874410570250868	0.773141869011107
0.10736203933331234	0.8517574853731082
0.23060592718331363	0.2290409966557846
0.13670531895734184	0.6469735581571482
0.7617276275253537	0.3388471408082945
0.1789950968273094	0.8610156172282281
0.6979642356296637	0.260876209916701
0.23606236481335707	0.64443527392242
0.3012970373364655	0.9218273811255864
0.4395245979444504	0.8392238802441871
0.627970255228983	0.23837977090760643
0.5439358273418138	0.6614484015396095
0.136189170629747	0.19633874779404392
0.8040820715899754	0.026073793625787434
0.37846285896467935	0.7870337247418734
0.5294762870476408	0.3045297017267722
0.27875901117675705	0.45776318268225447
0.3934911445556839	0.6066003083360142
0.0660917865976377	0.22806427611031987
0.21162128128817936	0.21033368054381696
0.2366399914009213	0.5467001053062317
0.4189363683434958	0.4654458528023704
0.23268628981854267	0.10226922796205318
0.2818710375895487	0.6511585084011244
0.24547195505330766	0.827045532841811
0.020716286630420355	0.25156272770670285
0.6954700465470435	0.1367976234437216
0.048288042077925475	0.13658811048746244
0.38066150319949543	0.608939299783155
0.6551393508582009	0.43352018775639356
0.055992518257579116	0.2924919825420741
0.7827755574854024	0.38967807584625114
0.28584141593977774	0.5068806734259822
0.24546090379139707	0.6957514593051873
0.14689568200211744	0.19985379148032034
0.6154959744580095	0.13181287655646112
0.14328168034008604	0.8819019115787252
0.2392818372738288	0.7420726913691263
0.033271638668236125	0.6022217770853414
0.24479059019786942	0.9520154061124046
0.27285386614461327	0.8492486231857291
0.6451400745229481	0.2846026651272159
0.42247782903679787	0.38628561060819633
0.6110308146463146	0.6102196827398357
0.27540864095287365	0.8658709789618965
0.8284906659301159	0.3522557759262971
0.405625794791987	0.828635290222966
0.17927755256745914	0.34688885489392673
0.4836796938706581	0.6746380840149261
0.6811164900634873	0.4609406564011884
0.0040250872610986255	0.6334740082196261
0.5195327102521716	0.6468500337416575
0.6495224642160629	0.35470208656421565
0.42755014166245064	0.5900460111705405
0.11267952376609236	0.8345153519586185
0.9772660411040858	0.13317952738136762
0.697473665258188	0.04527356768298563
0.3783122668549713	0.07262670755866174
0.9691649852821033	0.13134264834749765
0.6190563765069534	0.776402385894076
0.47276887009595225	0.6902102738097953
0.7360922426172573	0.289868556766094
0.23657124008124641	0.44210375764472376
0.5491447549895991	0.015238654818559239
0.5312201791101442	0.26585867016802633
0.48233899568556193	0.1872025591808003
0.139361282048725	0.8711755535366638
0.4450941154726664	0.7056680280036333
0.7803127284112749	0.3963683455991597
0.07735725066823107	0.8564566756625095
0.05538437387580042	0.27515318989756354
0.8214002465316391	0.46239877333000357
0.3444145222257048	0.5363342881460349
0.18193202685389698	0.1813168667253452
0.009069183193561314	0.7558882174344417
0.06163646410191237	0.06642333615096485
0.9368340653421243	0.1223365755141852
0.26548900232352624	0.019067424388486298
0.24855717515711018	0.7686928844969041
0.2781660433444384	0.18811752316001618
0.10182101689107914	0.5086531472443784
0.5727486488688438	0.1939959772329427
0.40877532101682224	0.7186889207660919
0.27157499817221487	0.348243608483806
0.23031479638239938	0.7405838569260722
0.4582304227501961	0.10721564055113375
0.24804877338720577	0.7186396140905482
0.3876344519848428	0.37569505805021175
0.4614898304635833	0.7487700375675153
0.23451592995658743	0.9111175914466756
0.04716595767898535	0.7023819698905404
0.7722583027614938	0.6029240442733836
0.34033459117609	0.46966961298188936
0.3225982581246626	0.22111889695500808
0.7191384868047471	0.26075293765965
0.8929834355158538	0.22444381677853364
0.20383803680760493	0.9207692731672849
0.022911248235063186	0.8436573715497033
0.43304984253178913	0.7997060298088626
0.35824452917966754	0.7802884551453823
0.7549055712314685	0.3060160427399239
0.6657144281561477	0.7174379969203719
0.4763785707966519	0.21308261572602827
0.22687475004298974	0.5979155510575561
0.5116188001491146	0.5227643271080346
0.4127726664565662	0.9043278948527447
0.23334178208365275	0.2519024950923412
0.8160231839127827	0.17193475545504222
0.1475321949570414	0.2774890053629748
0.929988219331849	0.12364271164314788
0.10541472930735851	0.45622108410924644
0.8096113079884375	0.09084410540819421
0.504988305267054	0.1306298596775135
0.5568683332259136	0.5840696167094024
0.542551040082495	0.38883828805579035
0.4992158627260317	0.6677883001524505
0.21121747260010704	0.08768528880726656
0.5039019568448229	0.5653211576333017
0.01783014239363756	0.7265945018786667
0.2005236935890431	0.040321431216146064
0.6329177740072427	0.11035903725159757
0.14834322683095325	0.8655004867756224
0.734050795413315	0.25323518061572015
0.3294205850995622	0.7456376842805201
0.3778038395308382	0.6500360998026188
0.9069417419015195	0.15931910192680843
0.9168895847998731	0.37828591486903074
0.6167906438071254	0.5606560151450628
0.6755622092705139	0.6811508642187286
0.8562074803012396	0.37011643787237236
0.4501518029459125	0.8835792388953891
0.8522885952149707	0.22386348184835592
0.4257607827340618	0.8737772758279322
0.7468146091476447	0.39257417307500064
0.19972065623101187	0.40978781573988854
0.12230572032052411	0.9657457589023761
0.5702119351320913	0.22903899069681644
0.8868543086935352	0.3685267637247439
0.8285661919670286	0.47078691394750727
0.021114758560398017	0.5266013146351766
0.11326411184467378	0.5185381648801595
0.6385263715112973	0.6322341151814708
0.36163436352330003	0.3067637413256291
0.771526931867674	0.15892336946110208
0.3659007644942047	0.13464402728784008
0.6193654078654294	0.4569690340724909
0.8027717150514807	0.23128829560568975
0.7964496166308523	0.2663437843326061
0.32568789082185323	0.4562966470373909
0.3336637336531192	0.2702975705911026
0.0685061279003445	0.9952504529120916
0.20920731536138004	0.6352955673739178
0.8089433335982764	0.41999615912940036
0.839519247993322	0.535748974938464
0.5792879798342921	0.2873325736830673
0.3739025198788264	0.1392933110587321
0.3614331599457361	0.40050255809022395
0.377619678680829	0.13299257580184087
0.5141125923824417	0.3436313548190265
0.5387897115065905	0.24390228327415453
0.4405779923627011	0.2750487961964041
0.009858090560200927	0.37328628898985505
0.027015592853801618	0.4256850629319402
0.22715706353607035	0.19976408606515783
0.4598026960128151	0.7914095682858303
0.036652541222520485	0.3061646687308591
0.16009819834395156	0.12433011241428538
0.8784761636098025	0.30144752471405056
0.8359450146378546	0.2394130668324399
0.7931622921757637	0.08952826917294032
0.09969664186512484	0.22128038925669002
0.19058587167730812	0.7900027233361633
0.30284409400108525	0.3536504586649817
0.20109720655670937	0.7070530015226599
0.4739053165097963	0.5558089091370302
0.8541288818388761	0.4963514429988335
0.27194515389180784	0.2457855578991448
0.1997020203482478	0.2870771164082335
0.17431306993524298	0.2554196525566287
0.15687637817822864	0.11616085118980757
0.14050897959319275	0.5814024482117727
0.5741723689779913	0.7899277245632744
0.9650182182366156	0.14672068928957527
0.06536771569508115	0.387760794795285
0.910866224598217	0.11970508690398218
0.34734496954152394	0.8359213171250278
0.32269929865884495	0.08910618611517251
0.7236089519535076	0.3176617147680224
0.1819733359853264	0.9311751456291211
0.1115380167735911	0.32447759610435734
0.6251617333476249	0.766966195651982
0.7484503962106501	0.5793787963273836
0.08538665563793113	0.4048218166380486
0.907146161983364	0.23632667256012418
0.7765849850754118	0.11151351405374998
0.17109456592685535	0.29241078891838246
0.4623111951623613	0.678257969986176
0.6979609764188607	0.5449031356176376
0.01633913543388854	0.7244641094587447
0.6463878220692082	0.10548813104583632
0.16805375689012692	0.07058941076829994
0.15973470411781032	0.7271919292075932
0.34120491353077853	0.39044445496805646
0.03306841992350862	0.8147502882327475
0.0709413316499321	0.3708327780737596
0.003109230551287867	0.9043356281351899
0.005293585283997038	0.21830517575766395
0.44492717719119523	0.3763232342175553
0.8563969697581906	0.08426653050512023
0.674145508352688	0.4168489000429473
0.08397007809207357	0.5375784440663489
0.06306095163923264	0.0422617238508497
0.17813661730973962	0.48717415223102134
0.03663197587150835	0.4004681730166111
0.5764847159260804	0.49868287526970445
0.29666156974550073	0.44332050922413746
0.040812328329671854	0.12689456118569853
0.1415960272266471	0.39213063675578697
0.5232890552432617	0.20417046764804592
0.7114270712843819	0.3521621356376827
0.4184598138182377	0.012102121045021397
0.13966232772291864	0.10390661361091069
0.18360286299445472	0.4291971444481294
0.5901837639725858	0.6282098592280634
0.17072847899252397	0.06112940638875941
0.2119428439126264	0.040279092399059135
0.18764507426035515	0.42694649642748916
0.16177079239937353	0.9815281435000285
0.5117445070050978	0.7892344655215969
0.484482962967296	0.3190552947327321
0.8499986430873261	0.06149343446111566
0.23407507180742226	0.8157965700632998
0.2855941144729781	0.06905213070406557
0.16112214380306755	0.041374467805184056
0.3689643004506302	0.18221613491410582
0.0771839618113982	0.1028257460004317
0.47130483375196475	0.3818292883549479
0.20452474466866133	0.8826820757244939
0.8804823389009194	0.18088566324183342
0.4827684779690089	0.32454617365478267
0.27927967356173533	0.7046765892201258
0.527544993856453	0.5822531132394922
0.593262674725723	0.2817366757885734
0.5106059576028555	0.24842454205747388
0.6418867077677605	0.03324820442541532
0.15181170392268628	0.9670884502202838
0.017616253286044548	0.11336108538305212
0.3381855904165335	0.8194153007811055
0.012163767299753214	0.996500240967734
0.02300192748263641	0.8312898391448025
0.16473852609483286	0.16181875723252603
0.7627640512244893	0.6404340441786385
0.3075940250286866	0.28107271714675086
0.6136143471604137	0.7339681496257391
0.19730599943342697	0.808050331773549
0.4181190883284527	0.7388816102768606
0.26207614660456346	0.14570931295542244
0.018491355986403946	0.43207017644643175
0.6139972330665203	0.6647079453507035
0.602445046391195	0.5365360532778575
0.4475156967861228	0.6882949573769371
0.2231777679765442	0.5151599038737519
0.6918004004837064	0.5628873159178548
0.43481012609055825	0.6551650721003687
0.7229394003583265	0.3354868478357168
0.7944210315882098	0.3603376509194631
0.4630255986709323	0.2765734433630448
0.7099740380725031	0.1165921595164926
0.3598809769590542	0.5040776277262863
0.15175361963938538	0.5516859052603738
0.055641068081027756	0.8857069542150636
0.19708345326470522	0.42605774326410994
0.45868278789763917	0.16439252144736283
0.28266527832469546	0.5532217113999713
0.5301110299710788	0.3824081242899391
0.4195994576715527	0.2670785194286768
0.606489641787966	0.39679504487818396
0.7500907376255483	0.16361763991560574
0.14229524185541242	0.9221708704645519
0.7501049926665575	0.2373831079263068
0.14051514920620956	0.8511649261322239
0.16071683687901717	0.10280144473661523
0.5259704304015693	0.4190447674944996
0.7377928025447791	0.5677559371805777
0.02855607730800558	0.47269349702794916
0.03988960437817024	0.038696959045102286
0.27630887885354916	0.5704009406319367
0.2733813269665021	0.9013859480152825
0.29801588684153757	0.6009446261110398
0.6133246547880618	0.23506779962906343
0.45704138498099534	0.22452597797423424
0.08964824279838768	0.4365621393338329
0.239667931734324	0.9009300670485942
0.737930364026038	0.16176845678910134
0.18860206037430938	0.20276254170236907
0.762534650216743	0.0971615363187841
0.41245709724402824	0.22654588222634564
0.33334229118902514	0.15308973134045256
0.8079602145613523	0.3937817446865681
0.1966737613538434	0.6801685385261976
0.4485117287591598	0.8724292130451526
0.0612607940583868	0.477278973490056
0.9632786190369036	0.04061770627414929
0.6888715512691811	0.06806460611860798
0.506791373366093	0.7885197314833059
0.3950350082060933	0.3676532967596081
0.014898238119910312	0.6535134979453493
0.3627973453679382	0.883513150203579
0.29458376959920185	0.3000054985706142
0.17191332605309217	0.33270834377376557
0.32633606633137735	0.9272796729695018
0.28990102233900505	0.6053613418632999
0.10587617056482612	0.499623402171244
0.23602173792133707	0.1730054510153558
0.07110950008715089	0.5567908229232348
0.4937672215502792	0.3761733955582236
0.911842475372551	0.12155445781232699
0.18851183577376562	0.17619682391753722
0.13664198818967332	0.5880190766175977
0.31041081401795667	0.8215461405270487
0.5326328659448434	0.7656774589689485
0.5790662829600216	0.566016257010898
0.5373684251886789	0.36446226577079177
0.7413205721052536	0.6002300964296685
0.12377206200418511	0.16609336291310395
0.46434054650683254	0.5591622993795229
0.28825963466095483	0.30770403132446134
0.1370168727576978	0.6883514325311119
0.24999633635145913	0.06787919144380994
0.12329917292924131	0.14964007196794338
0.6559948391253676	0.3737582591503652
0.47842526969657817	0.8178533315709502
0.3777903668025866	0.6127889343449903
0.9227607043404266	0.09190196740888601
0.509190952060714	0.5380218946271363
0.5154782734934564	0.3051882083072379
0.31827866224231904	0.7633859464285457
0.37002149415401153	0.40415479088250905
0.22333627113453192	0.4357605763349117
0.9582031363786884	0.10621379895587324
0.5396185317062676	0.8178470106161208
0.3992113901965104	0.5386198986714152
0.01406146895023963	0.7261237137481471
0.5485933590816353	0.816854941025158
0.15760405810957012	0.6052890204686674
0.32511255023844476	0.5573052048950898
0.46780375897668947	0.23641344683626353
0.1236858872602119	0.948095395909306
0.23658036522630532	0.8960423836070535
0.6302744393459021	0.7282332443744539
0.15561199869366615	0.38297282322936266
0.1920092388690442	0.8185981314450225
0.5541119819921959	0.28467305469838033
0.30226301991378557	0.2152112069074107
0.20103670365752613	0.7426642966706186
0.366284057826161	0.5457690372534932
0.03577159763591975	0.16288956254804965
0.30483250968065756	0.38314952114102685
0.07126840836363946	0.1523173738041067
0.8509725764342174	0.4903456960388405
0.8539561037907138	0.4266562629745241
0.45883323154009703	0.346417129070581
0.27669413481580285	0.20672882208708832
0.2542576412393339	0.8423026172729929
0.7578453881745858	0.13031228757421087
0.07282616914695372	0.8508019177182724
0.7795026410800472	0.2357602824491909
0.14343509255196318	0.4610071391851387
0.3189206220265651	0.1662031363723443
0.21990743113805733	0.15853393286268502
0.10227965298744257	0.8870053854057403
